Lagar
33 Export
Desperados
Goldberg
Gulder
Heineken
Star
